0.0808887839524025
-0.551871022982264
-0.256132456143833
-0.249700745578242
-1.05580692702584
0.104570403318395
2.23753826171476
-0.841453024372082
0.3025
-0.447
-0.057
0.132
0.0215888869124642
0.654342861199377
0.765088012981375
0.821520861567584
0.197
-0.468
-0.115
0.0715
-0.378117512951782
0.430575192556242
-0.635777233043688
1.0565239545571
-0.025
-0.4745
-0.1125
0.1065
0.160888783952404
-0.563871022982264
-0.169132456143833
0.128799254421759
-0.329611216047598
0.213128977017739
-0.560632456143832
0.417799254421758
-0.0645
-0.428
0.2865
0.1325
0.610472874192198
0.324158189321263
1.84071859805809
0.626043566293486
0.942799897039938
-0.649213884181641
0.00977953087479344
-0.392221607145824
0.246
0.223
0.445
0.036
-0.232111216047596
-0.0358710229822607
0.39686754385617
-0.0332007455782413
-0.375352015104506
0.872229639978303
0.0405018809215957
-0.0654564593888224
0.323447881935432
0.0765157557966644
-0.606718588203609
-0.625178066534647
-0.311411113087535
-0.203157138800619
0.315588012981376
0.225020861567582
0.387
-0.234
-0.2355
0.125
-0.32455909798303
-0.0743867787789247
0.300586132059778
1.1049773209564
-0.09
0.4405
0.0815
-0.2885
-0.332111216047598
0.227628977017739
0.28386754385617
0.627299254421759
-0.305111216047598
0.209128977017739
-0.40613245614383
0.233799254421758
0.401
0.281
-0.326
0.1405
0.028
0.412
0.4205
0.174
-0.049
-0.3105
-0.488
0.398
0.301888783952402
0.133128977017739
0.0338675438561668
0.211299254421758
-0.0415
-0.1805
-0.2095
-0.0265
-0.479607852899725
-0.547204378852541
-1.09893577304346
0.605269246838269
-0.287
-0.168
0.248
0.3215
-0.458589251301885
-1.15805946988558
-0.851274871320878
-1.12884506656743
0.375
-0.4995
-0.2975
-0.394
-0.366611216047598
-0.0383710229822608
-0.48013245614383
0.0647992544217588
0.3315
0.311
-0.407
-0.2795
-0.0485097265275297
1.67957580994486
1.63286464118515
-1.67436887147984
-0.221
-0.1195
-0.063
0.3335
0.08
0.197
-0.139
-0.0285
0.497388783952402
-0.0583710229822607
-0.149132456143834
-0.0722007455782413
-0.174503363147871
-0.0866666441297214
0.969803316899629
-0.74246999241651
0.180388783952404
-0.424371022982261
-0.554132456143832
0.490799254421758
0.134388783952403
-0.157871022982261
-0.189132456143833
0.566299254421759
-0.277
0.457
0.1415
-0.1705
-0.164
0.104
0.142
0.0295
2.18031514783566
-0.0768435252036913
1.08661369891045
-0.799814709630868
0.453
0.217
-0.306
-0.322
0.0689409020169705
-0.0958867787789246
-0.0344138679402219
1.04897732095641
0.297875734228162
-1.02193591495061
0.831764525609436
0.419417766932046
0.188
-0.468
0.0815
0.1905
0.1605
0.1915
0.2375
0.275
0.493
0.102
0.1105
0.1225
-1.03220353905889
1.42906153117097
-1.40418036169419
1.2067073844536
0.461
0.3975
-0.1845
0.246
0.056
0.452
-0.3925
0.4215
-0.393747231885066
-0.107871237824325
-0.98462815002798
-0.252673340932752
-0.104611216047597
0.23712897701774
0.0618675438561667
0.0542992544217588
0.167392147100275
-0.0677043788525398
-1.28243577304346
0.338769246838268
-0.640020417877901
-0.376133147094579
-0.712075192060577
1.26323525332256
0.1795
0.267
-0.323
-0.1495
-0.3935
0.0715
-0.3775
0.1075
0.0955
0.2985
0.027
-0.2015
-0.351047128925004
-0.116657353642684
-0.539407680902776
0.0115482662130725
0.4245
0.16
0.147
0.316
0.0715
0.376
-0.0785
-0.406
0.505388783952404
-0.374371022982261
0.25786754385617
-0.122200745578242
-0.0686112160475976
0.169128977017739
-0.247632456143833
-0.259200745578242
-1.58093489868667
1.11384537470776
-0.287972292364273
-0.838064025174306
0.2745
0.2565
0.315
-0.0285
0.263388783952402
-0.14987102298226
-0.31113245614383
0.286299254421759
-2.1496464819222
1.9521317196473
1.38986220613642
-0.873218235272988
0.661240799056909
-0.334100662960567
-0.194134337065429
0.533255713810581
-0.154111216047596
-0.609371022982263
0.0403675438561668
0.534799254421759
-0.1545
-0.417
-0.113
0.3185
0.2365
0.4765
-0.2825
0.2645
0.0814478819354321
0.182515755796664
-0.622718588203609
-0.871678066534647
-0.1435
-0.113
0.461
-0.3325
-0.0502660103060703
-0.92570689580882
0.049951183259864
-0.0911579296088239
0.222447881935433
0.531515755796661
-0.170218588203611
-0.706178066534646
1.31629560874034
-0.288475443298334
0.150291955242472
0.0485787199628945
-0.650167106397242
-1.1488317094766
0.525344420338982
-0.0158342939636006
0.0508887839524028
-0.398871022982261
-0.133632456143833
0.423299254421758
-0.131
0.496
0.2345
0.2445
-0.00640523377692241
0.235866797064531
-0.568935255047321
1.64248034437842
-0.24663937898534
-0.195666858971786
0.32630762301548
-1.30344258777103
0.444
-0.2885
0.017
-0.372
-0.430781295442098
-0.101141206851403
0.603881370847789
-1.56939270625987
-0.0971112160475976
0.101628977017739
-0.307632456143831
-0.00220074557824112
0.105388783952403
0.0716289770177395
-0.263632456143832
0.234299254421758
0.354388783952402
-0.368371022982261
0.37136754385617
-0.174700745578242
0.506752768114935
-0.683371237824329
-0.306628150027981
-0.265673340932752
-0.0171112160475972
-0.31187102298226
0.188367543856167
-0.159200745578242
0.123794017729325
-0.0287378200467923
0.130302798903489
-1.28768108995667
0.867365021292473
-0.822046189531278
0.0627828250146316
0.742312813131755
-0.0505
0.0765
-0.482
0.4515
-0.388111216047598
0.302128977017739
-0.246632456143833
0.337299254421759
0.227
-0.032
-0.319
0.0605
-0.270611216047598
-0.0798710229822602
-0.535632456143832
0.508299254421758
-0.126611216047596
0.251628977017739
-0.175132456143833
0.406299254421758
-0.543411113087537
0.418842861199382
0.499588012981376
0.729020861567584
0.404447881935432
-0.251984244203336
-0.195218588203611
-0.836178066534647
0.159110825896983
-0.642357146754923
1.05926636639082
0.749088419879761
-0.264611216047598
-0.588871022982263
-0.523632456143833
-0.0322007455782414
